panel (6942, 45)
          n  off_missing  epa_in6  epa_x6  stale  te1_sal  itt  n_al
season                                                              
2013    512          512        0       0      0        0  512     0
2014    512            0      480     480    448      507  512   512
2015    512            0      480     512    448      511  512   512
2016    512            0      480     512    448      505  512   512
2017    512            0      480     512    448      505  512   512
2018    512            1      480     512    448      507  512   512
2019    512            0      480     512    448      510  512   512
2020    512            0      480     512    448      504  512   512
2021    544            1      512     544    480      543  544   544
2022    542            0      510     542    478      542  542   542
2023    544            0      512     544    480      540  544   544
2024    544            0      512     544    480      544  544   544
2025    544            0      512     544    480      526  544   544
2026    128            0       96     128     64      128  128   128
panel_rawcodes (6942, 45)
          n  off_missing  epa_in6  epa_x6  stale  te1_sal  itt  n_al
season                                                              
2013    512          512        0       0      0        0  512     0
2014    512           48      435     435    406      459  512   464
2015    512           48      435     464    406      463  512   464
2016    512           32      450     480    420      474  512   480
2017    512           16      465     496    434      489  512   496
2018    512           17      465     496    434      491  512   496
2019    512           16      465     496    434      494  512   496
2020    512            0      480     512    448      504  512   512
2021    544            1      512     544    480      543  544   544
2022    542            0      510     542    478      542  542   542
2023    544            0      512     544    480      540  544   544
2024    544            0      512     544    480      544  544   544
2025    544            0      512     544    480      526  544   544
2026    128            0       96     128     64      128  128   128
