== nfl_raw.pbp, regular season: dropbacks with EPA, defenses, defense-weeks ==
 season  plays  dropbacks  dropbacks_with_epa  n_def  def_weeks  wk_min  wk_max  games
   2014  45673      19765               19765     32        512       1      17    256
   2015  46141      20231               20231     32        512       1      17    256
   2016  45707      20072               20072     32        512       1      17    256
   2017  45268      19414               19414     32        512       1      17    256
   2018  45120      19765               19765     32        512       1      17    256
   2019  45339      19922               19921     32        512       1      17    256
   2020  45406      20023               20023     32        512       1      17    256
   2021  47651      20907               20907     32        544       1      18    272
   2022  47157      20298               20298     32        542       1      18    271
   2023  47399      20770               20770     32        544       1      18    272
   2024  47274      20215               20215     32        544       1      18    272
   2025  46452      19830               19830     32        544       1      18    272
   2026  11155       4739                4739     32        128       1       4     64

== nfl_raw.schedules REG: games, lines present, games with result ==
 season  games  with_lines  with_result  max_week
   2012    256         256          256        17
   2013    256         256          256        17
   2014    256         256          256        17
   2015    256         256          256        17
   2016    256         256          256        17
   2017    256         256          256        17
   2018    256         256          256        17
   2019    256         256          256        17
   2020    256         256          256        17
   2021    272         272          272        18
   2022    271         271          271        18
   2023    272         272          272        18
   2024    272         272          272        18
   2025    272         272          272        18
   2026    272          90           64        18

== nfl_features.player_week_actuals x player_week_role, by season and position (player-weeks) ==
 season  all_rows   qb   rb   wr   te  no_role_row  team_weeks  max_week
   2014     17708  643 1558 2451 1414        11642         512        17
   2015     17649  631 1553 2418 1380        11667         512        17
   2016     17583  629 1815 2505 1360        11274         512        17
   2017     17560  618 1862 2462 1451        11167         512        17
   2018     17534  641 1764 2465 1453        11211         512        17
   2019     17472  618 1830 2492 1386        11146         512        17
   2020     17620  652 1844 2569 1457        11098         512        17
   2021     19129  694 1924 2788 1563        12160         544        18
   2022     25281 1809 3214 5251 2812        12195         542        18
   2023     24977 1782 3157 5194 2846        11998         544        18
   2024     25302 1825 3105 5254 2842        12276         544        18
   2025     25434 1820 3186 5075 2828        12525         544        18
   2026      6197  441  762 1254  731         3009         128         4

== production nfl_features.defense_week_allowed: rows and non-null epa_per_dropback_allowed_l6 ==
 season  rows_  epa_l6_nonnull  te_adj_nonnull  max_week
   2014    512             480             448        17
   2015    512             480             448        17
   2016    512             480             448        17
   2017    512             480             448        17
   2018    512             480             447        17
   2019    512             480             448        17
   2020    512             480             448        17
   2021    544             512             480        18
   2022    542             510             478        18
   2023    544             512             480        18
   2024    544             512             480        18
   2025    544             512             480        18
   2026    128              96              64         4

== player_week_training: rows with non-null epa_per_dropback_allowed_l6 (the feature the models train on) ==
 season  rows_  epa_l6_nonnull
   2014   6250            5884
   2015   6258            5873
   2016   6203            5842
   2017   6215            5826
   2018   6190            5807
   2019   6226            5814
   2020   6356            5948
   2021   6922            6520
   2022  13246           12402
   2023  13084           12178
   2024  13132           12234
   2025  12845           12095
   2026   3209            2341
