W1: contest 193028206; games 12; best stack 132.86 in total-rank 5; lineups 831,028 (QB resolved 1.000; 9 matched 0.990)
W2: contest 195648007; games 13; best stack 110.06 in total-rank 1; lineups 172,692 (QB resolved 1.000; 9 matched 0.998)
W3: contest 195905122; games 13; best stack 127.64 in total-rank 4; lineups 161,682 (QB resolved 1.000; 9 matched 0.999)
W4: contest 196151357; games 12; best stack 130.50 in total-rank 3; lineups 161,516 (QB resolved 0.993; 9 matched 0.991)

GAME facts:
 week         game_id  total  total_rank  best_stack_pts  field_qb_share  top1_qb_share  is_best_stack_game
    1 2026_01_ARI_LAC   47.5           3           75.68          0.1169         0.0123               False
    1 2026_01_ATL_PIT   40.5           9           70.74          0.0169         0.0011               False
    1 2026_01_BAL_IND   47.5           4          122.36          0.0830         0.0730               False
    1 2026_01_BUF_HOU   44.5           7          112.56          0.0425         0.0710               False
    1 2026_01_CHI_CAR   47.5           5          132.86          0.0848         0.2860                True
    1 2026_01_CLE_JAX   39.5          11           71.50          0.0540         0.0452               False
    1  2026_01_GB_MIN   46.5           6          106.88          0.0871         0.0461               False
    1  2026_01_MIA_LV   40.5          10           78.40          0.0649         0.0241               False
    1  2026_01_NO_DET   49.5           2          117.90          0.1602         0.3946               False
    1 2026_01_NYJ_TEN   38.5          12           54.80          0.0376         0.0032               False
    1  2026_01_TB_CIN   50.5           1           74.06          0.1754         0.0071               False
    1 2026_01_WAS_PHI   44.5           8           80.12          0.0765         0.0363               False
    2 2026_02_CAR_ATL   43.5           8           71.58          0.0635         0.0677               False
    2 2026_02_CIN_HOU   45.5           3           86.18          0.0432         0.0607               False
    2  2026_02_CLE_TB   41.5          10           63.62          0.0941         0.0220               False
    2  2026_02_GB_NYJ   44.5           6           60.58          0.0551         0.0226               False
    2 2026_02_JAX_DEN   45.5           4           71.52          0.0583         0.0185               False
    2  2026_02_LV_LAC   43.5           9           82.02          0.0305         0.0058               False
    2  2026_02_MIA_SF   44.5           7           83.78          0.1033         0.1342               False
    2 2026_02_MIN_CHI   47.5           2           45.12          0.1859         0.0052               False
    2  2026_02_NO_BAL   45.5           5           78.18          0.0856         0.0613               False
    2 2026_02_PHI_TEN   39.5          13           70.26          0.0238         0.0098               False
    2  2026_02_PIT_NE   41.5          11           44.92          0.0191         0.0012               False
    2 2026_02_SEA_ARI   40.5          12           94.20          0.0195         0.0787               False
    2 2026_02_WAS_DAL   50.5           1          110.06          0.2182         0.5124                True
    3  2026_03_ARI_SF   48.5           3          104.98          0.0754         0.1735               False
    3 2026_03_BAL_DAL   53.5           1           82.34          0.1035         0.0012               False
    3 2026_03_CAR_CLE   42.5           8           69.26          0.1053         0.0259               False
    3 2026_03_CIN_PIT   42.5           9           92.98          0.0160         0.0037               False
    3 2026_03_HOU_IND   42.5          10           53.00          0.0324         0.0006               False
    3  2026_03_KC_MIA   45.5           5           68.54          0.1002         0.0037               False
    3 2026_03_LAC_BUF   50.5           2           70.26          0.1579         0.0031               False
    3   2026_03_LV_NO   43.5           7          104.40          0.1412         0.1574               False
    3  2026_03_MIN_TB   42.5          11           56.82          0.0570         0.0025               False
    3  2026_03_NE_JAX   45.5           6           71.88          0.0369         0.0043               False
    3 2026_03_NYJ_DET   48.5           4          127.64          0.1186         0.5500                True
    3 2026_03_SEA_WAS   40.5          12          105.32          0.0274         0.0728               False
    3 2026_03_TEN_NYG   37.5          13           55.74          0.0281         0.0012               False
    4 2026_04_ARI_NYG   44.5           6           76.30          0.1101         0.0805               False
    4 2026_04_DAL_HOU   48.5           3          130.50          0.1117         0.6016                True
    4  2026_04_DEN_SF   48.5           4           73.92          0.0695         0.0223               False
    4   2026_04_GB_TB   38.5          11           52.98          0.0583         0.0143               False
    4 2026_04_JAX_CIN   51.5           1           94.02          0.2253         0.1053               False
    4   2026_04_KC_LV   47.5           5          102.60          0.0695         0.0440               False
    4 2026_04_LAC_SEA   42.5           8           67.22          0.0699         0.0130               False
    4  2026_04_LA_PHI   42.5           9          100.38          0.0451         0.0223               False
    4 2026_04_MIA_MIN   38.5          12           77.18          0.0637         0.0328               False
    4  2026_04_NE_BUF   50.5           2           96.96          0.0909         0.0316               False
    4 2026_04_NYJ_CHI   43.5           7           71.52          0.0604         0.0062               False
    4 2026_04_TEN_BAL   41.5          10           89.08          0.0257         0.0260               False

LABEL distributions (whole field, lineups with 9 matched names; top1 = of them in the top 1%):
week                                                    1       2       3       4
label              value                                                         
bring_n            0                               459624   96724   95164   88469
                   1                               296513   64202   55259   59128
                   2                                61241   10735   10334   11607
                   3                                 5333     643     715     804
                   4                                  367      25      30      31
                   5                                   14       1       0       0
excluded_unmatched lineups with < 9 matched names    7936     362     180    1477
flex_pos           RB                              349786   87421   52115   47681
                   TE                              176042   28743   61964   55932
                   WR                              297264   56166   47423   56426
max_game           1                                 3306     888     985     555
                   2                               251135   55409   52519   45575
                   3                               324397   68230   62929   64961
                   4                               175549   36896   33561   37366
                   5                                54286    9294    9472    9804
                   6                                11107    1369    1694    1485
                   7                                 2714     207     293     246
                   8                                  598      37      49      47
n_games            2                                 1101      78     128     109
                   3                                12510    1477    1647    2016
                   4                                78778   11579   11662   14402
                   5                               221591   40514   38249   44115
                   6                               289039   62846   57561   57802
                   7                               173290   43005   39804   33148
                   8                                43477   11943   11466    7892
                   9                                 3306     888     985     555
sal_left_mean      114.9                                0       0  161502       0
                   119.7                                0       0       0  160039
                   129.5                                0  172330       0       0
                   146.7                           823092       0       0       0
stack_n            0                               121156   21521   21003   19912
                   1                               379052   83752   73512   72045
                   2                               275944   58723   58177   59510
                   3                                42777    7695    8303    8197
                   4                                 3870     580     476     362
                   5                                  253      55      30      12
                   6                                   24       4       1       1
                   7                                   16       0       0       0
